{
  "advancedEditorSelectedIdentifier" : "ProjectBrowser",
  "openSceneRelativePaths" : [
    "Immersive.usda",
    "Gauntlet.usda"
  ],
  "recentIdentifiers" : {
    "91EAEFE4-D574-4F7F-BD8F-22FE233D90C9" : [

    ]
  },
  "sceneCameraHistory" : {
    "47738AA7-BE49-4E2F-B673-F238B199A5B0" : [
      {
        "date" : 755275781.702608,
        "title" : "Untitled",
        "transform" : [
          0.9998975,
          4.550042e-09,
          0.0143210925,
          0,
          0.0069055865,
          0.87606305,
          -0.48214704,
          0,
          -0.012546142,
          0.48219657,
          0.87597317,
          0,
          -0.014573972,
          0.56013596,
          1.0175602,
          1
        ]
      },
      {
        "date" : 755275737.462568,
        "title" : "Untitled",
        "transform" : [
          0.9995523,
          4.5534803e-09,
          -0.02992143,
          0,
          -0.014242606,
          0.879445,
          -0.47578728,
          0,
          0.02631429,
          0.47600052,
          0.8790513,
          0,
          0.030567624,
          0.55293834,
          1.0211358,
          1
        ]
      },
      {
        "date" : 755275726.316675,
        "title" : "Untitled",
        "transform" : [
          0.3729192,
          4.5826263e-09,
          -0.9278639,
          0,
          -0.20879279,
          0.974353,
          -0.08391623,
          0,
          0.9040669,
          0.2250253,
          0.3633549,
          0,
          1.0501949,
          0.26139697,
          0.42208531,
          1
        ]
      },
      {
        "date" : 755275711.168332,
        "title" : "Untitled",
        "transform" : [
          0.99997056,
          -2.1442714e-11,
          -0.007672291,
          0,
          -0.005163609,
          0.73962384,
          -0.67300075,
          0,
          0.0056746085,
          0.6730206,
          0.739602,
          0,
          0.0065918164,
          0.7818034,
          0.8591467,
          1
        ]
      },
      {
        "date" : 755275705.301302,
        "title" : "Untitled",
        "transform" : [
          0.99981236,
          -6.284041e-14,
          0.019372387,
          0,
          0.0136939995,
          0.7073312,
          -0.70674974,
          0,
          -0.013702692,
          0.7068824,
          0.70719844,
          0,
          -0.03543927,
          1.8282099,
          1.8290272,
          1
        ]
      }
    ]
  },
  "sceneViewportBackgroundColors" : {

  },
  "selectedSceneRelativePath" : "Gauntlet.usda"
}